19154048
19154049
19154052
19154053
19154054
19154055
19153033
19153034
19153035
19153036
19153037
19154063
19154064
19154065
19153042
19153043
19153044
19153050
19153051
19153052
19153053
19153054
19153055
19153056
19153057
19153058
19153059
19153061
19153062
19153063
19153064
19153066
19155005
19154057
19155001
19155003
19155004
19154058
19155006
19155008
19155009
19155010
19155011
19154066
19155016
19155017
19155018
19155019
19155020
19155021
19155022
19154061
19154001
19154002
19154005
19154007
19154027
19154028
19154029
19154030
19154031
19154032
19154067
19154036
19154037
19154038
19154039
19154040
19154041
19154044
19154045
19154047
